200
61; 100; 1; 2;
33; 73; 1; 2;
77; 56; 1; 2;
22; 55; 2; 1;
54; 80; 2; 1;
25; 99; 1; 2;
68; 29; 2; 1;
44; 34; 2; 1;
69; 90; 2; 1;
25; 55; 2; 1;
40; 38; 2; 1;
56; 26; 1; 2;
91; 75; 2; 1;
32; 49; 2; 1;
76; 59; 2; 1;
67; 95; 2; 1;
85; 84; 2; 1;
43; 39; 2; 1;
50; 81; 2; 1;
41; 90; 1; 2;
24; 58; 1; 2;
80; 65; 1; 2;
69; 52; 1; 2;
69; 88; 2; 1;
34; 26; 1; 2;
61; 41; 2; 1;
32; 85; 2; 1;
88; 47; 1; 2;
65; 34; 1; 2;
25; 100; 1; 2;
35; 59; 1; 2;
84; 49; 1; 2;
100; 77; 2; 1;
37; 74; 2; 1;
42; 32; 1; 2;
68; 65; 1; 2;
22; 50; 2; 1;
91; 52; 1; 2;
53; 98; 2; 1;
41; 95; 1; 2;
30; 26; 2; 1;
26; 100; 2; 1;
23; 42; 2; 1;
84; 73; 1; 2;
32; 36; 1; 2;
48; 23; 2; 1;
45; 98; 2; 1;
76; 71; 2; 1;
61; 100; 2; 1;
58; 22; 1; 2;
43; 99; 1; 2;
90; 71; 1; 2;
29; 49; 1; 2;
55; 96; 2; 1;
23; 64; 1; 2;
23; 75; 2; 1;
58; 70; 2; 1;
76; 79; 1; 2;
80; 65; 1; 2;
53; 86; 1; 2;
39; 56; 2; 1;
75; 32; 1; 2;
35; 82; 2; 1;
82; 22; 2; 1;
44; 66; 2; 1;
92; 74; 2; 1;
72; 57; 2; 1;
22; 82; 2; 1;
46; 85; 2; 1;
67; 57; 2; 1;
88; 93; 1; 2;
67; 24; 1; 2;
56; 93; 2; 1;
26; 87; 2; 1;
93; 46; 1; 2;
29; 32; 1; 2;
26; 52; 1; 2;
73; 88; 1; 2;
84; 42; 1; 2;
71; 90; 1; 2;
64; 61; 1; 2;
31; 40; 2; 1;
71; 66; 1; 2;
29; 22; 1; 2;
73; 68; 1; 2;
67; 57; 1; 2;
22; 22; 2; 1;
74; 50; 1; 2;
31; 23; 1; 2;
41; 78; 2; 1;
94; 65; 1; 2;
28; 73; 1; 2;
28; 100; 2; 1;
78; 61; 1; 2;
56; 89; 2; 1;
81; 81; 2; 1;
64; 99; 1; 2;
99; 44; 2; 1;
51; 91; 2; 1;
68; 64; 2; 1;
70; 83; 1; 2;
38; 61; 2; 1;
52; 45; 2; 1;
55; 33; 1; 2;
30; 47; 2; 1;
50; 99; 1; 2;
21; 75; 2; 1;
42; 41; 2; 1;
51; 49; 2; 1;
24; 37; 2; 1;
46; 21; 2; 1;
77; 71; 2; 1;
70; 36; 1; 2;
52; 40; 2; 1;
20; 66; 1; 2;
55; 70; 2; 1;
40; 74; 2; 1;
57; 95; 1; 2;
96; 33; 1; 2;
73; 21; 2; 1;
47; 58; 2; 1;
37; 76; 2; 1;
68; 53; 2; 1;
37; 92; 1; 2;
67; 95; 1; 2;
71; 39; 1; 2;
82; 25; 2; 1;
43; 77; 2; 1;
97; 81; 2; 1;
60; 100; 1; 2;
32; 55; 1; 2;
91; 27; 1; 2;
55; 48; 1; 2;
97; 54; 1; 2;
82; 96; 1; 2;
73; 44; 1; 2;
73; 33; 1; 2;
69; 91; 2; 1;
24; 81; 2; 1;
22; 40; 2; 1;
81; 74; 2; 1;
73; 65; 2; 1;
88; 81; 1; 2;
40; 43; 1; 2;
91; 37; 2; 1;
52; 34; 1; 2;
93; 73; 2; 1;
22; 43; 2; 1;
96; 96; 1; 2;
25; 42; 1; 2;
94; 39; 1; 2;
87; 79; 1; 2;
57; 49; 1; 2;
95; 57; 1; 2;
66; 53; 2; 1;
87; 66; 2; 1;
57; 83; 1; 2;
79; 33; 2; 1;
38; 34; 2; 1;
98; 56; 2; 1;
45; 96; 2; 1;
24; 32; 1; 2;
53; 51; 2; 1;
34; 90; 1; 2;
37; 78; 2; 1;
73; 31; 2; 1;
90; 64; 1; 2;
99; 66; 1; 2;
28; 96; 2; 1;
92; 32; 2; 1;
32; 75; 1; 2;
40; 76; 2; 1;
100; 54; 1; 2;
79; 59; 2; 1;
24; 21; 2; 1;
67; 76; 1; 2;
77; 60; 2; 1;
63; 99; 1; 2;
98; 25; 2; 1;
84; 57; 1; 2;
62; 92; 2; 1;
26; 66; 1; 2;
27; 50; 2; 1;
57; 98; 1; 2;
51; 87; 1; 2;
70; 26; 2; 1;
41; 93; 2; 1;
44; 75; 2; 1;
37; 82; 2; 1;
88; 20; 1; 2;
22; 85; 2; 1;
92; 30; 2; 1;
99; 42; 1; 2;
67; 85; 1; 2;
40; 27; 1; 2;
63; 93; 2; 1;
34; 67; 2; 1;
73; 40; 2; 1;
43; 26; 2; 1;
79; 56; 1; 2;
0; 0; 81; 6511;
1; 1; 25; 10687;
2; 1; 26; 7098;
3; 0; 51; 4433;
4; 0; 24; 6626;
5; 1; 37; 1421;
6; 1; 68; 4990;
7; 1; 48; 10176;
8; 0; 25; 10548;
9; 0; 56; 3641;
10; 1; 40; 3311;
11; 0; 36; 6067;
12; 0; 71; 362;
13; 1; 57; 6752;
14; 0; 85; 9313;
15; 0; 63; 2046;
16; 1; 25; 4160;
17; 1; 37; 2397;
18; 0; 31; 4944;
19; 0; 98; 8725;